97
93
13
13
97
93
17
13
63
83
23
13
93
e3
17
13
93
63
23
13
e3
ef
6f
13
23
23
13
b7
b7
13
ef
23
6f
13
03
93
b3
93
b7
13
ef
93
e3
83
93
23
03
93
e3
03
93
63
93
83
63
93
03
93
63
93
83
13
93
83
93
33
93
83
93
33
93
83
93
33
23
93
83
13
93
83
93
33
93
83
93
33
93
83
93
33
23
83
13
23
23
6f
83
93
23
03
b7
93
e3
23
6f
13
13
83
b3
83
93
b7
13
ef
93
e3
83
93
23
03
93
e3
23
6f
13
93
b7
13
ef
93
e3
03
83
b3
03
23
83
93
23
83
03
e3
23
6f
83
93
23
03
b7
93
e3
23
6f
13
13
83
b3
83
93
b7
13
ef
93
e3
83
93
23
03
93
e3
6f
13
6f
13
23
13
23
23
03
83
23
83
23
13
03
13
67
13
23
13
23
93
a3
83
83
83
23
83
93
63
93
6f
83
83
23
83
93
23
83
93
03
b3
23
83
03
23
83
13
83
23
83
13
83
23
93
13
03
13
67
13
23
13
23
23
83
83
83
23
83
93
63
93
6f
83
83
23
03
b7
93
33
83
23
03
b7
93
33
83
23
83
83
23
83
93
13
83
23
93
13
03
13
67
fa
fa
13
13
13
13
13
13
13
13
13
13
13
13
13
13
13
13
13
13
13
13
13
13
13
13
13
13
13
13
13
13
13
13
13
13
13
13
13
13
13
13
13
13
13
13
13
13
13
13
13
13
13
13
13
13
13
13
13
13
13
13
13
13
13
13
13
13
13
13
13
13
13
13
13
13
13
13
13
13
13
13
13
13
13
13
13
13
13
13
13
13
13
13
13
13
13
13
13
13
13
13
13
13
13
13
13
13
13
13
13
13
13
6f
13
0f
73
13
23
03
13
63
03
13
63
6f
23
73
67
13
23
73
73
13
13
13
13
