00
01
01
40
00
05
00
86
c5
05
55
45
45
c5
00
85
81
b5
05
45
b5
80
00
01
11
81
01
00
00
07
c0
04
80
00
c4
81
f7
07
00
07
40
05
07
c4
17
f4
c4
a0
e7
81
a0
f7
81
17
07
81
a7
10
f7
81
27
07
81
37
87
f7
81
47
07
f7
81
57
87
f7
e1
81
67
07
81
77
87
f7
81
87
07
f7
81
97
87
f7
e1
c1
07
e1
04
00
84
17
f4
84
7a
f7
e7
04
c0
00
c0
44
f7
07
07
00
07
80
05
07
44
17
f4
44
30
e7
04
00
00
81
00
07
40
05
07
41
04
f7
81
e7
04
17
f4
01
04
f7
04
00
c4
17
f4
c4
7a
f7
e7
04
c0
00
00
84
f7
07
07
00
07
80
05
07
84
17
f4
84
30
e7
5f
00
df
01
81
01
a4
b4
84
c4
e7
c4
07
00
c1
01
00
01
81
01
a4
05
f4
c4
07
07
f4
c4
17
07
f0
00
c4
07
f4
c4
37
f4
b4
27
c4
f7
f4
84
c4
e7
c4
27
84
e7
c4
d7
84
e7
00
07
c1
01
00
01
81
01
a4
b4
c4
07
07
f4
c4
07
07
f0
40
c4
07
f4
c4
00
07
f7
84
e7
c4
ff
f7
f7
84
e7
84
07
f4
c4
c7
f7
84
e7
00
07
c1
01
00
00
00
00
00
00
00
00
00
00
00
00
00
00
00
00
00
00
00
00
00
00
00
00
00
00
00
00
00
00
00
00
00
00
00
00
00
00
00
00
00
00
00
00
00
00
00
00
00
00
00
00
00
00
00
00
00
00
00
00
00
00
00
00
00
00
00
00
00
00
00
00
00
00
00
00
00
00
00
00
00
00
00
00
00
00
00
00
00
00
00
00
00
00
00
00
00
00
00
00
00
00
00
00
00
00
00
00
00
00
00
00
00
00
80
00
f0
24
00
80
80
14
04
c0
14
04
1f
00
20
00
00
80
20
20
00
00
00
00
