10
80
00
44
10
ff
10
fe
00
00
00
00
00
fe
10
fc
82
00
00
00
fe
00
00
fd
02
02
03
40
10
00
23
fe
03
00
fe
81
00
00
10
00
2f
00
fe
fe
00
fe
fe
00
fc
81
0f
1e
81
00
1c
81
00
0c
1c
81
00
00
81
00
00
00
81
00
01
00
81
00
01
00
80
81
00
00
81
00
00
00
81
00
01
00
81
00
01
00
80
80
00
80
fe
01
fe
00
fe
fe
00
1f
fe
fe
03
00
43
fe
00
00
00
10
00
12
00
fc
fe
00
fe
fe
00
fc
fe
04
00
80
10
00
19
00
fe
81
fe
00
80
00
fe
00
fe
81
fe
fa
fc
01
fd
00
fc
fd
00
1f
fe
fc
03
00
44
fd
00
00
00
10
00
06
00
fc
fd
00
fc
fd
00
fc
dd
00
dc
fe
00
02
fe
fe
fe
fe
00
fe
00
00
01
02
00
fd
02
03
fc
00
fc
fd
00
00
fe
fe
00
00
ff
06
fd
00
fe
fe
c0
fe
fd
00
fe
00
fe
fe
fe
00
fe
00
fe
00
fe
ff
fe
00
00
00
02
03
00
fd
02
03
fc
fc
fd
00
00
fe
fe
40
00
ff
06
fd
00
fe
fe
00
80
00
fe
00
fe
ff
7f
00
fe
00
fe
00
fe
fe
00
0f
fd
00
00
00
02
03
00
c1
c1
00
00
00
00
00
00
00
00
00
00
00
00
00
00
00
00
00
00
00
00
00
00
00
00
00
00
00
00
00
00
00
00
00
00
00
00
00
00
00
00
00
00
00
00
00
00
00
00
00
00
00
00
00
00
00
00
00
00
00
00
00
00
00
00
00
00
00
00
00
00
00
00
00
00
00
00
00
00
00
00
00
00
00
00
00
00
00
00
00
00
00
00
00
00
00
00
00
00
00
00
00
00
00
00
00
00
00
00
00
00
00
00
00
0f
7b
00
a0
a0
00
00
a0
00
00
fe
a0
7b
90
00
a0
7b
7b
00
00
00
00
