11
81
81
05
05
85
06
06
fc
22
a0
05
85
e8
05
05
85
78
20
05
6c
00
00
01
26
24
04
35
07
85
00
26
00
00
27
87
07
85
07
85
00
07
90
27
87
26
27
07
d2
c7
07
10
87
c7
9a
87
c7
07
12
87
c7
87
87
c7
97
67
87
c7
97
67
87
c7
97
67
a6
87
c7
87
87
c7
97
67
87
c7
97
67
87
c7
97
67
a8
a7
87
aa
24
00
27
87
24
27
17
87
d4
22
00
00
07
27
07
c7
85
07
85
00
07
9e
27
87
22
27
07
d0
20
00
00
85
07
85
00
07
96
a7
27
07
c7
80
27
87
20
a7
27
6e
2e
00
27
87
2e
27
17
87
d4
2c
00
00
07
27
07
c7
85
07
85
00
07
9e
27
87
2c
27
07
d0
f0
00
f0
01
2e
04
26
24
27
27
a0
27
82
00
24
01
80
01
26
04
2e
87
0d
27
a7
a7
26
27
f7
86
07
00
27
a7
24
27
f7
26
47
97
27
67
26
27
27
a0
27
e7
27
a0
27
f7
27
a0
07
85
24
01
80
01
26
04
2e
2c
27
a7
a7
26
27
f7
86
07
00
27
a7
24
27
17
87
67
27
a0
27
f7
87
77
27
a0
27
a7
26
27
d7
f7
27
80
07
85
24
01
80
00
01
00
00
00
00
00
00
00
00
00
00
00
00
00
00
00
00
00
00
00
00
00
00
00
00
00
00
00
00
00
00
00
00
00
00
00
00
00
00
00
00
00
00
00
00
00
00
00
00
00
00
00
00
00
00
00
00
00
00
00
00
00
00
00
00
00
00
00
00
00
00
00
00
00
00
00
00
00
00
00
00
00
00
00
00
00
00
00
00
00
00
00
00
00
00
00
00
00
00
00
00
00
00
00
00
00
00
00
00
00
00
00
00
00
00
10
04
20
44
74
1a
44
74
1a
f0
24
24
00
04
22
24
00
00
00
00
00
